root root 1 0 0 0 0 1 0 0 0 0 1 0 0 0 0 1
pose root 1 0 0 0 0 1 0 0 0 0 1 0 0 0 0 1
scale pose 0.95 0 0 0 0 0.95 0 0 0 0 0.95 0 0 0 0 1
Hand scale 0.998341 0.0575787 1.14197e-09 0 -0.0575787 0.998341 1.53281e-08 0 -2.57498e-10 -1.53684e-08 1 0 0 0 0 1
HandThumb1 Hand 0.445399 -0.596473 -0.667713 0 0.756017 0.650077 -0.0764155 0 0.479644 -0.470767 0.740486 0 17.6323 3.23415 3.26844e-06 1
HandThumb2 HandThumb1 0.996067 -0.067936 0.0568741 0 0.0781009 0.976356 -0.201568 0 -0.0418357 0.205217 0.977822 0 0 49.5834 0 1
HandThumb3 HandThumb2 0.99863 -3.03013e-17 -0.0523263 0 3.44945e-17 1 7.92325e-17 0 0.0523263 -8.09289e-17 0.99863 0 0 29.75 0 1
HandThumb4 HandThumb3 0.99863 -3.03013e-17 -0.0523263 0 3.44945e-17 1 7.92325e-17 0 0.0523263 -8.09289e-17 0.99863 0 0 19.8333 0 1
HandPinky1 Hand 0.91767 0.397279 0.00730107 0 -0.39722 0.916762 0.0420069 0 0.00999508 -0.0414485 0.999091 0 -33.3774 73.9364 8.15767e-06 1
HandPinky2 HandPinky1 0.998445 -0.0556588 0.00318789 0 0.0555928 0.998291 0.0179994 0 -0.00418428 -0.0177942 0.999833 0 0 24.3118 0 1
HandPinky3 HandPinky2 0.999998 -0.0019819 0.000149167 0 0.00198716 0.998406 -0.0564046 0 -3.71401e-05 0.0564048 0.998408 0 0 14.5871 0 1
HandPinky4 HandPinky3 0.999998 -0.0019819 0.000149167 0 0.00198716 0.998406 -0.0564046 0 -3.71401e-05 0.0564048 0.998408 0 0 9.72472 0 1
HandRing1 Hand 0.985965 0.166609 0.0107182 0 -0.16602 0.98521 -0.0424261 0 -0.0176282 0.0400513 0.999042 0 -10.0362 82.7804 -9.00498e-06 1
HandRing2 HandRing1 0.999995 0.00327233 9.63464e-05 0 -0.00326932 0.99974 -0.0225708 0 -0.000170183 0.0225703 0.999745 0 0 36.6671 0 1
HandRing3 HandRing2 0.999165 0.0408006 0.00212393 0 -0.0407941 0.999163 -0.00302228 0 -0.00224546 0.00293311 0.999993 0 0 22.0003 0 1
HandRing4 HandRing3 0.999165 0.0408006 0.00212393 0 -0.0407941 0.999163 -0.00302228 0 -0.00224546 0.00293311 0.999993 0 0 14.6669 0 1
HandMiddle1 Hand 0.999453 -0.0303988 0.0130653 0 0.0322565 0.983116 -0.180123 0 -0.00736915 0.180446 0.983557 0 10.2215 84.945 1.58311e-05 1
HandMiddle2 HandMiddle1 1 0.000112811 1.94206e-05 0 -0.000114317 0.992959 0.118458 0 -5.92047e-06 -0.118458 0.992959 0 0 37.952 0 1
HandMiddle3 HandMiddle2 1 0 0 0 0 1 0 0 0 0 1 0 0 22.7712 0 1
HandMiddle4 HandMiddle3 1 0 0 0 0 1 0 0 0 0 1 0 0 15.1808 0 1
HandIndex1 Hand 0.974041 -0.225881 0.0149007 0 0.226286 0.969751 -0.0915362 0 0.00622631 0.0925319 0.99569 0 33.1921 78.8359 -1.49838e-05 1
HandIndex2 HandIndex1 0.999472 0.0323889 0.00272039 0 -0.0325009 0.996832 0.0725897 0 -0.000360672 -0.0726397 0.997358 0 0 35.6063 0 1
HandIndex3 HandIndex2 1 0 0 0 0 1 0 0 0 0 1 0 0 21.3638 0 1
HandIndex4 HandIndex3 1 0 0 0 0 1 0 0 0 0 1 0 0 14.2425 0 1
end_of_skeleton
0 36 41.6 10.8 10.8
1 13.6 8 13.6 8
2 8 7.2 8 7.2
3 7.2 6.4 7.2 6.4
4 8 7.2 8 7.2
5 7.2 6.4 7.2 6.4
6 6.4 6.4 6.4 6.4
7 8 7.2 8 7.2
8 7.2 6.4 7.2 6.4
9 6.4 6.4 6.4 6.4
10 8 7.2 8 7.2
11 7.2 6.4 7.2 6.4
12 6.4 6.4 6.4 6.4
13 8 7.2 8 7.2
14 7.2 6.4 7.2 6.4
15 6.4 6.4 6.4 6.4
